Q1: 253 656 878 895 930 1075 1177 1664 1997 2223 2268 2422 2595 2817 2985 3212 3340 3401 3460 4030 4513 4525 4614 4615 4637 
Q2: 222 266 474 641 843 1009 1030 1050 1189 1911 2161 2233 2253 2271 2928 3056 3174 3248 3451 3504 3697 3722 4031 4803 4807 
Q3: 326 342 988 1265 1580 1700 2007 2179 2478 2499 2859 2864 2881 3055 3097 3235 3646 3873 3951 4197 4305 4668 4711 4771 4914 
Q4: 32 227 623 889 1078 1126 1156 1253 1484 1494 1617 1645 1783 2418 2612 3002 3082 3165 3463 3558 3775 4242 4604 4952 4957 
Q5: 77 224 285 523 650 664 841 884 917 984 1018 1114 1120 1191 1348 1440 1478 1673 1838 1938 2555 3008 3377 3795 3981 
Q6: 220 221 295 350 389 608 1035 1195 1442 1954 1983 2062 2104 2159 2224 2235 2251 2757 2902 3261 3471 3782 3894 4593 4720 
Q7: 581 582 944 1029 1139 1266 1516 1559 1775 1786 1905 2119 2266 2468 2591 3266 3294 3448 3586 3596 3713 3842 3872 4459 4798 
Q8: 241 713 726 733 767 1199 1207 1513 1738 1763 1971 2185 2556 2593 2876 2891 3224 3423 3506 3661 3727 4290 4588 4785 4835 
Q9: 62 154 325 524 614 675 759 786 932 1233 1570 2069 2259 2341 2437 2939 3196 3271 3398 3651 4218 4263 4566 4905 4974 
Q10: 49 181 185 830 1077 1161 1200 2117 2239 2322 2579 2690 2800 2966 3118 3122 3157 3180 3406 3462 4083 4511 4534 4547 4696 
